function cm = make_colormap

cm = [                  0         0         0
         0         0         0
         0         0         0
         0         0         0
         0         0         0
         0         0         0
         0         0         0
         0         0         0
         0         0         0
         0         0         0
         0         0         0
         0         0         0
         0         0         0
         0         0         0
    0.8471    0.1608         0
    0.8471    0.1608         0
    0.8471    0.1608         0
    0.8471    0.1608         0
    0.8471    0.1608         0
    0.8471    0.1608         0
    0.8471    0.1608         0
    0.8471    0.1608         0
    0.8471    0.1608         0
    0.8471    0.1608         0
         0         0    1.0000
         0         0    1.0000
         0         0    1.0000
         0         0    1.0000
         0         0    1.0000
         0         0    1.0000
         0         0    1.0000
         0         0    1.0000
         0         0    1.0000
         0         0    1.0000
         0         0    1.0000
         0         0    1.0000
         0         0    1.0000
    0.4000    0.4000    1.0000
    0.4073    0.4096    0.9990
    0.4146    0.4192    0.9981
    0.4220    0.4288    0.9971
    0.4293    0.4384    0.9962
    0.4366    0.4480    0.9952
    0.4439    0.4575    0.9942
    0.4512    0.4671    0.9933
    0.4586    0.4767    0.9923
    0.4659    0.4863    0.9914
    0.4732    0.4959    0.9904
    0.7294    0.8314    0.9569
    0.7289    0.8323    0.9573
    0.7284    0.8331    0.9577
    0.7279    0.8340    0.9581
    0.7275    0.8348    0.9585
    0.7270    0.8357    0.9590
    0.7265    0.8366    0.9594
    0.7260    0.8374    0.9598
    0.7255    0.8383    0.9602
    0.6924    0.7885    0.8923
    0.6593    0.7387    0.8244
    0.6262    0.6888    0.7566
    0.5930    0.6390    0.6887
    0.5599    0.5892    0.6208
    0.5268    0.5394    0.5529
    0.5020    0.5020    0.5020];
